-0.997187 -0.997187 -0.995714 0.997187 0.997187 0.995714
-0.997187 -0.997187 -0.995714 0 0.997187 0.995714
-0.997187 -0.997187 -0.995714 0 0 0.995714
-0.997187 -0.997187 -0.995714 0 0 0
-0.997187 -0.997187 -0.995714 -0.498594 0 0
-0.498594 -0.997187 -0.995714 0 0 0
-0.997187 -0.997187 0 0 0 0.995714
-0.997187 -0.997187 0 -0.498594 0 0.995714
-0.498594 -0.997187 0 0 0 0.995714
-0.997187 0 -0.995714 0 0.997187 0.995714
-0.997187 0 -0.995714 0 0.997187 0
-0.997187 0 -0.995714 -0.498594 0.997187 0
-0.498594 0 -0.995714 0 0.997187 0
-0.997187 0 0 0 0.997187 0.995714
-0.997187 0 0 -0.498594 0.997187 0.995714
-0.498594 0 0 0 0.997187 0.995714
0 -0.997187 -0.995714 0.997187 0.997187 0.995714
0 -0.997187 -0.995714 0.997187 0 0.995714
0 -0.997187 -0.995714 0.997187 0 0
0 -0.997187 -0.995714 0.498594 0 0
0.498594 -0.997187 -0.995714 0.997187 0 0
0 -0.997187 0 0.997187 0 0.995714
0 -0.997187 0 0.498594 0 0.995714
0.498594 -0.997187 0 0.997187 0 0.995714
0 0 -0.995714 0.997187 0.997187 0.995714
0 0 -0.995714 0.997187 0.997187 0
0 0 -0.995714 0.498594 0.997187 0
0.498594 0 -0.995714 0.997187 0.997187 0
0 0 0 0.997187 0.997187 0.995714
0 0 0 0.498594 0.997187 0.995714
0.498594 0 0 0.997187 0.997187 0.995714
